100 2 5
0.8690113965585953 0.29389640185627486
0.7747042814431441 0.78052652125919
0.25234395187847836 0.7243534589645121
0.6308957262817738 0.00688039928108275
0.498978868366562 0.1543108092327844
0.5252833728861602 0.7685127251784855
0.17479916986421729 0.5922212183111702
0.16644121216207908 0.09256409908887209
0.6718209640208632 0.3098501672145715
0.6302621241006117 0.9958262581131249
0.367144258926296 0.7756800240739703
0.2527893089191524 0.5657945416144248
0.1584743065884625 0.7010242557193088
0.7947724182109659 0.4829613213688936
0.9882104210755328 0.9405836966945207
0.9815963257450293 0.3623472102658817
0.7522367767658271 0.06110233104483309
0.4706171774776742 0.6843966231606965
0.048947191403885926 0.4961636365662556
0.04186995332889076 0.6378597853680701
0.01227382430793822 0.35537328759073517
0.39038741629564455 0.3636406005213265
0.13858182828516086 0.44147743269604656
0.9854197673447275 0.6780116729593858
0.12734611997085565 0.8696237446497379
0.8207282377285529 0.6256891478292306
0.7054410205980532 0.297611552346726
0.4712550357052221 0.4487584649798191
0.5397405778242047 0.09336322417478493
0.053113202267031756 0.08531582347469635
0.7156585222566757 0.21705180525603696
0.6028861164465509 0.5927573976093237
0.21745467969712207 0.866688522824272
0.0671784866351336 0.8426720008060589
0.8279694872567607 0.06404523807606954
0.43700300377435586 0.026349362041576008
0.7092977059343066 0.2508794670015412
0.442122155918404 0.13429924239043511
0.8805428633185606 0.5984335363369997
0.06508333948257983 0.11344059322414146
0.7299283243150657 0.4956991007091025
0.15596102222355546 0.21979949209154015
0.42148879261036654 0.6809652415782114
0.7770862196587487 0.31495810316881434
0.7842273106868876 0.4557592062381932
0.9857963967057849 0.7884822435450716
0.3966878211060094 0.8070971778547833
0.7397717605246356 0.5404095507667481
0.547630412314246 0.9812776432117701
0.7340298326020244 0.9133660761311955
0.3560331952523842 0.984881961778179
0.3560843633980624 0.4948066002979311
0.9180480222524194 0.6213615726445564
0.3829646751465159 0.48605219136864
0.6790684976993578 0.5225681991983739
0.5700345714123547 0.8510522112517296
0.33187531299930106 0.22378139128634855
0.1626669474914907 0.876663362755837
0.8007898741948865 0.8888033042510786
0.6962949679821117 0.9629788408847689
0.9864509361872271 0.42175818448996927
0.8046546285099357 0.7516948401842245
0.11816571493455386 0.5193397640134397
0.17435926970540228 0.5341304185366345
0.6735666229402392 0.29399609680268346
0.3038668214228559 0.959431819887944
0.41043896193112905 0.11786564235494035
0.7604534999266169 0.37994580117777066
0.2869290144182223 0.4526588016528309
0.06887996960290377 0.975166707097619
0.2698121915855318 0.9192073047581822
0.6020412029501288 0.24864818949791923
0.9690786530646044 0.024994321679065346
0.9587978741879449 0.11268001792994464
0.4227216477985215 0.41785854082142393
0.6560585223478451 0.3502434835170982
0.9750725816115549 0.14085717241423346
0.42659760326281115 0.1555448738908145
0.3083320456352652 0.5360200744066329
0.799106633755124 0.793986333599306
0.4606703478315428 0.6012986299468881
0.7459073715050331 0.8673053589732174
0.4547305162696271 0.021406158883160664
0.6585599765966308 0.7267152233051427
0.878762270769122 0.36130099942073823
0.5395133963718212 0.15302313955590763
0.8212058786545224 0.8777639941452872
0.3782543541334751 0.3275106241673129
0.47837428542010874 0.8054955061468342
0.5384785226080167 0.4756990541025019
0.9774249447745453 0.9796844986374391
0.960538520101725 0.8968215089256207
0.6085860818348621 0.9718408335177491
0.7766568291442647 0.9394677235563385
0.40560066478015067 0.044331581045025215
0.8633496099752296 0.8801432600007847
0.2637115907611485 0.8077354005956113
0.802141892005399 0.11939778709560733
0.9803000219995471 0.7724005969201576
0.5260246355221315 0.5961057944962597